    6   5   4   3   2   1
   -----------------------
0:  4   5   6   3   2   1   ->  4
1:  6   5   4   3   2   1   ->  1
2:  1   2   3   4   5   6       0
                                (2)

    5   4   3   2   1
   -------------------
0:  2   5   1   4   3   ->  4
1:  5   2   1   4   3   ->  1
2:  3   4   1   2   5   ->  4
3:  4   3   1   2   5   ->  2
4:  2   1   3   4   5   ->  4
5:  1   2   3   4   5       0
                            (5)

    10  9   8   7   6   5   4   3   2   1
    --------------------------------------
0:  3   5   10  4   7   2   9   1   6   8   ->  8
1:  10  5   3   4   7   2   9   1   6   8   ->  1
2:  8   6   1   9   2   7   4   3   5   10  ->  7
3:  9   1   6   8   2   7   4   3   5   10  ->  2
4:  5   3   4   7   2   8   6   1   9   10  ->  5
5:  8   2   7   4   3   5   6   1   9   10  ->  3
6:  1   6   5   3   4   7   2   8   9   10  ->  5
7:  7   4   3   5   6   1   2   8   9   10  ->  4
8:  2   1   6   5   3   4   7   8   9   10  ->  8
9:  6   1   2   5   3   4   7   8   9   10  ->  5
10: 4   3   5   2   1   6   7   8   9   10  ->  8
11: 5   3   4   2   1   6   7   8   9   10  ->  6
12: 1   2   4   3   5   6   7   8   9   10  ->  8
13: 4   2   1   3   5   6   7   8   9   10  ->  7
14: 3   1   2   4   5   6   7   8   9   10  ->  8
15: 2   1   3   4   5   6   7   8   9   10  ->  9
16: 1   2   3   4   5   6   7   8   9   10      0
                                                (16)